46

  Nd  2.85027454250414     -4.29289370833519      1.08808686779032
  O   2.31056382398721     -3.76160017604003      3.29929065904661
  O   -1.37589796000412     -6.23961178030157      2.44078168168775
  O   0.77718280774980     -5.29314420007090      1.54060715981949
  S   1.52349911133900     -4.35401355103260      4.45041929089917
  N   0.09037735454946     -4.89522413251263      4.00559255893017
  O   1.47161962318160     -3.57523606072886      5.66602712718813
  F   2.49266898420578     -6.66635455979195      3.68585880936237
  F   3.73213887026520     -5.60985169910323      5.12476611991402
  C   2.49338491891137     -5.92406397940050      4.80334638330600
  F   1.91613792231423     -6.59419947003666      5.77878525916170
  S   -0.38219331165451     -5.19338850343805      2.51058228063018
  C   -1.18720007131425     -3.58540243602580      1.97192048628251
  F   -2.23819204538201     -3.33533596824480      2.72736023826055
  F   -0.28959070584372     -2.60793819658854      2.11017490281780
  F   -1.54572414319021     -3.68601951864257      0.70396331883568
  O   4.67320982944419     -5.39156259553342      2.08444279081034
  O   4.52363216778114     -8.02891099319163     -1.39337973680832
  O   3.32208671310807     -6.13788151465766     -0.25921461873287
  S   5.41442156921122     -6.70972700709232      2.07603963679212
  N   4.70388126644814     -7.80359287272648      1.16540923435167
  O   5.79506936787927     -7.24509243930869      3.36326846571038
  F   6.58714444128860     -5.76551302376526     -0.05746840236385
  F   7.64086178263444     -5.33615967110283      1.79360720285637
  C   6.96548173762849     -6.25401050262216      1.12620475911404
  F   7.70550175020973     -7.33051899743142      0.94652770716937
  S   3.89189993135943     -7.54380718270769     -0.18469387672601
  C   2.35470965483820     -8.56927152616992      0.14233167453217
  F   2.68589755550413     -9.83989180667902      0.26091873470268
  F   1.78731568388100     -8.13781202003284      1.26121943565476
  F   1.52801497201933     -8.40324089367435     -0.87701432927885
  S   1.90830589253393     -1.63606935572906     -1.20467716994205
  C   3.04509989484704     -0.30093928007833      2.14296243907747
  O   1.63345989298534     -2.83016346496873     -0.31305861848924
  O   4.14113898319210     -2.34275165293649      0.88915503431597
  N   2.93187776457999     -0.58916080225917     -0.57405755432709
  S   3.96840438349312     -0.86444839241145      0.60846799929976
  O   5.17378024265478     -0.07785955472891      0.48879195845193
  F   2.82644296223776      0.99696663463578      2.08384854242615
  F   3.76157694355943     -0.60128528116660      3.21180499423565
  F   1.88279700702057     -0.95506625477219      2.18246402657702
  O   0.76185696440730     -0.98794704314287     -1.79735682663621
  C   2.89805316747579     -2.45456341013579     -2.57103525983138
  F   2.11896932612737     -3.28749971075895     -3.23755814759069
  F   3.89179904590694     -3.14659291458195     -1.98853953881389
  F   3.40651783025688     -1.55031743944319     -3.38047669667202
